18.50, 12.83, 17.14, 5.88, 0.91, 1.00, 1.54, 4.16, 0.12
15.54, 9.52, 28.11, 6.23, 0.92, 1.00, 4.79, 4.37, 0.08
15.01, 9.98, 17.36, 6.48, 0.93, 0.94, 1.55, 4.18, 0.08
15.95, 9.07, 22.02, 7.95, 1.62, 0.97, 1.46, 3.97, 0.08
16.06, 9.46, 17.14, 6.79, 0.92, 0.94, 1.47, 3.94, 0.08
14.43, 9.76, 23.95, 6.21, 1.00, 1.07, 1.48, 3.90, 0.08
15.82, 9.30, 17.46, 6.13, 1.02, 0.91, 1.45, 3.80, 0.08
14.60, 10.10, 22.25, 5.59, 0.90, 1.64, 1.43, 4.32, 0.08
15.72, 9.94, 17.98, 5.48, 1.00, 0.92, 1.47, 4.78, 0.13
17.22, 10.31, 21.66, 6.91, 0.90, 0.89, 1.52, 4.23, 0.08
16.22, 10.62, 17.12, 5.66, 1.72, 1.37, 1.61, 3.97, 0.08
15.27, 9.84, 21.21, 7.24, 0.99, 0.90, 1.45, 4.10, 0.09
15.83, 12.17, 17.90, 5.90, 0.93, 0.92, 1.59, 3.93, 0.08
15.38, 9.62, 21.72, 6.90, 0.91, 0.91, 1.46, 4.23, 0.08
16.56, 9.52, 16.92, 5.73, 0.97, 0.95, 1.44, 4.08, 0.11
16.84, 9.57, 21.26, 13.18, 0.96, 0.99, 1.48, 4.24, 0.08
15.63, 9.76, 17.56, 5.30, 0.89, 0.88, 1.51, 4.15, 0.08
15.36, 10.35, 21.49, 5.90, 0.93, 1.84, 1.50, 4.07, 0.08
16.88, 11.62, 17.34, 5.73, 1.10, 0.95, 1.45, 4.39, 0.09
15.29, 10.61, 21.37, 6.48, 0.94, 0.91, 1.46, 4.51, 0.08
16.39, 9.30, 17.84, 5.58, 1.00, 0.90, 1.45, 4.29, 0.12
16.13, 9.32, 22.04, 6.28, 0.96, 0.95, 1.45, 3.98, 0.13
16.06, 9.40, 18.43, 5.55, 0.96, 0.91, 1.44, 3.95, 0.08
15.92, 9.86, 21.64, 6.05, 1.02, 0.98, 1.62, 4.29, 0.10
16.27, 10.00, 17.56, 5.57, 0.97, 0.92, 1.56, 4.06, 0.08
16.88, 9.23, 21.53, 6.58, 0.95, 0.91, 1.52, 4.56, 0.08
16.78, 12.97, 17.39, 5.73, 0.93, 0.87, 1.52, 4.26, 0.08
15.04, 9.60, 22.93, 7.49, 0.97, 1.06, 1.61, 4.85, 0.08
15.72, 9.31, 17.35, 5.64, 0.91, 1.04, 1.63, 5.09, 0.08
15.09, 9.79, 20.51, 5.93, 1.04, 1.65, 1.65, 4.95, 0.08
15.06, 9.51, 17.75, 5.48, 0.99, 0.99, 1.54, 4.98, 0.08
15.00, 9.91, 20.72, 5.71, 0.93, 2.71, 1.47, 4.03, 0.08
15.65, 9.31, 17.22, 5.57, 0.92, 0.98, 1.67, 4.81, 0.09
15.41, 9.73, 20.54, 5.65, 0.94, 1.83, 1.89, 4.91, 0.08
15.63, 9.91, 17.16, 5.53, 0.91, 1.27, 2.28, 4.07, 0.13
14.86, 10.17, 21.13, 5.64, 1.18, 2.24, 1.64, 3.85, 0.08
15.54, 10.48, 17.11, 5.41, 0.97, 1.07, 1.58, 4.74, 0.08
17.45, 10.04, 21.76, 7.00, 0.96, 0.97, 1.57, 4.17, 0.08
16.02, 9.93, 17.63, 6.82, 0.96, 0.98, 1.49, 3.90, 0.08
15.63, 9.44, 22.83, 6.28, 0.96, 0.90, 1.48, 4.27, 0.08
16.78, 9.87, 17.74, 5.37, 0.95, 1.04, 1.49, 3.95, 0.08
15.78, 9.69, 22.29, 6.33, 1.68, 1.23, 1.54, 4.21, 0.08
16.09, 9.46, 17.59, 5.64, 0.89, 0.97, 2.17, 4.06, 0.16
16.44, 9.69, 23.93, 7.79, 1.01, 0.95, 1.56, 4.18, 0.15
16.87, 11.09, 19.08, 6.25, 1.01, 1.01, 1.65, 4.54, 0.09
15.54, 10.75, 21.06, 6.23, 0.98, 0.99, 1.49, 4.06, 0.08
15.42, 12.55, 16.94, 5.90, 1.28, 0.90, 1.62, 4.10, 0.08
15.78, 10.86, 21.19, 6.43, 1.56, 0.94, 1.45, 3.93, 0.08
16.33, 9.49, 16.93, 6.01, 0.94, 0.90, 1.46, 3.98, 0.08
16.45, 9.93, 23.11, 6.84, 0.91, 0.97, 1.43, 4.09, 0.13
16.36, 9.36, 17.95, 5.51, 0.93, 0.93, 1.46, 4.08, 0.12
16.39, 9.33, 23.09, 6.34, 1.05, 1.03, 1.70, 4.26, 0.08
15.80, 9.55, 18.89, 5.60, 0.92, 0.88, 1.45, 4.01, 0.08
15.45, 10.03, 21.53, 7.25, 1.02, 1.02, 1.52, 4.04, 0.08
16.00, 9.86, 17.17, 5.51, 1.19, 1.22, 1.48, 4.01, 0.11
14.97, 9.89, 22.57, 7.93, 1.50, 0.93, 1.69, 4.00, 0.08
15.41, 9.52, 19.68, 5.76, 1.08, 1.05, 1.46, 3.97, 0.11
15.97, 10.08, 22.13, 6.66, 0.96, 0.86, 1.58, 5.06, 0.08
14.98, 9.94, 16.63, 6.07, 1.03, 0.89, 1.46, 4.00, 0.08
15.08, 9.31, 21.51, 5.45, 1.04, 0.94, 2.79, 4.30, 0.08
15.66, 9.66, 16.56, 6.12, 0.93, 0.89, 1.52, 5.09, 0.09
15.09, 9.18, 21.99, 5.51, 0.91, 1.57, 2.61, 3.99, 0.08
16.44, 9.78, 16.40, 5.81, 0.87, 0.84, 1.47, 5.34, 0.08
15.70, 10.35, 21.58, 7.16, 1.02, 0.90, 1.58, 4.05, 0.08
15.10, 9.89, 16.67, 5.54, 1.12, 1.83, 1.66, 3.96, 0.08
16.86, 10.04, 21.06, 7.27, 1.13, 0.89, 1.45, 3.94, 0.08
16.12, 9.44, 17.41, 6.75, 0.93, 0.92, 1.45, 3.96, 0.08
14.52, 10.02, 22.42, 5.38, 1.66, 0.91, 1.41, 4.09, 0.08
15.78, 9.28, 18.47, 5.44, 0.95, 0.94, 1.63, 3.94, 0.08
15.14, 9.74, 22.59, 5.53, 1.69, 0.91, 1.48, 4.00, 0.08
16.99, 9.30, 18.11, 5.46, 0.96, 0.95, 1.49, 4.94, 0.08
14.83, 10.22, 21.73, 6.17, 0.98, 0.90, 1.41, 4.83, 0.08
17.35, 10.03, 17.49, 5.55, 0.95, 0.98, 1.79, 4.60, 0.08
15.46, 9.84, 21.59, 6.32, 1.16, 0.88, 2.08, 3.92, 0.08
15.65, 11.85, 17.83, 6.86, 0.96, 0.87, 1.56, 4.16, 0.08
15.26, 10.30, 21.90, 6.28, 1.08, 0.94, 1.54, 4.02, 0.08
14.86, 9.80, 17.09, 6.15, 0.97, 0.88, 1.40, 3.95, 0.08
15.46, 9.81, 21.87, 5.61, 0.99, 0.83, 2.19, 4.00, 0.08
15.66, 9.40, 18.12, 5.41, 0.91, 1.01, 1.46, 3.93, 0.08
15.73, 9.36, 21.64, 5.52, 0.91, 0.92, 2.15, 4.75, 0.09
14.78, 9.71, 18.12, 5.81, 0.92, 0.90, 1.44, 4.14, 0.08
15.88, 9.29, 22.67, 5.53, 0.99, 1.76, 1.47, 4.58, 0.08
15.48, 10.24, 17.26, 5.53, 0.92, 0.90, 1.44, 3.86, 0.08
15.44, 9.49, 21.40, 6.51, 0.91, 0.96, 3.16, 4.72, 0.08
15.77, 10.60, 17.16, 5.48, 0.87, 1.15, 1.48, 4.30, 0.08
15.07, 10.73, 21.14, 5.48, 1.07, 2.34, 1.46, 4.05, 0.08
16.14, 10.74, 17.49, 5.60, 1.02, 0.95, 2.14, 5.01, 0.08
15.12, 10.46, 21.61, 7.37, 0.93, 0.88, 1.43, 4.15, 0.08
16.80, 9.56, 17.11, 5.45, 0.91, 0.87, 1.48, 5.25, 0.08
15.66, 9.38, 22.49, 6.47, 1.04, 0.89, 1.43, 4.01, 0.08
16.82, 9.24, 16.81, 5.82, 1.90, 0.93, 1.53, 4.17, 0.09
15.85, 9.35, 22.00, 5.45, 1.84, 0.91, 1.44, 3.88, 0.08
16.20, 10.34, 16.71, 5.61, 0.89, 0.91, 1.40, 4.66, 0.08
17.99, 10.13, 21.61, 6.24, 1.10, 0.96, 1.51, 4.67, 0.20
16.95, 10.06, 16.86, 5.85, 0.94, 0.88, 1.43, 4.17, 0.08
16.09, 10.25, 21.82, 5.42, 1.88, 1.38, 1.91, 4.01, 0.09
18.23, 10.43, 17.41, 5.48, 0.93, 0.95, 1.46, 4.02, 0.07
15.17, 10.05, 21.60, 6.63, 0.97, 0.90, 1.49, 5.21, 0.09
15.60, 9.34, 17.70, 5.56, 0.93, 0.89, 1.52, 4.34, 0.24
15.57, 9.49, 22.50, 5.45, 0.89, 1.68, 1.94, 4.07, 0.08
